79
286
38
415
17
450
55
530
28
599
54
636
33
723
20
739
52
729
16
802
13
835
41
883
15
947
44
1000
19
1000
108
951
172
978
277
1008
348
969
417
982
506
999
542
992
581
955
608
900
607
799
572
729
604
659
615
668
568
658
538
699
583
769
567
870
534
920
528
895
570
925
580
961
567
959
504
925
430
951
409
946
351
889
350
901
282
945
256
925
189
858
204
855
138
927
137
941
87
908
66
812
65
791
154
728
189
744
131
773
85
690
104
691
164
681
108
625
140
639
211
693
211
601
248
610
175
554
130
507
115
470
194
465
119
504
75
597
99
598
77
533
72
502
56
438
71
387
51
335
90
307
92
287
64
232
88
220
70
286
38
