68
241
411
136
418
137
342
225
343
224
375
244
345
286
323
266
307
230
276
173
280
146
254
147
220
174
178
177
204
164
227
209
215
204
180
198
146
213
117
229
131
224
161
224
182
232
217
290
200
269
129
299
133
300
157
338
153
326
125
313
94
335
69
389
91
376
165
443
151
436
90
451
64
471
65
488
128
471
156
479
199
435
208
423
189
369
189
353
208
375
229
439
249
474
274
418
302
380
270
362
246
325
241
330
280
387
322
455
351
522
300
527
225
526
148
556
120
608
141
590
239
568
312
572
361
397
418
351
368
300
383
311
430
216
448
241
411
