239
96
608
55
558
25
494
51
409
25
331
25
258
40
214
26
187
25
144
26
99
61
70
43
28
92
26
162
33
220
70
286
38
415
17
450
55
530
28
599
54
636
33
723
20
739
52
729
16
802
13
835
41
883
15
947
44
1000
19
1000
108
951
172
978
277
1008
348
969
417
982
506
999
542
992
581
955
608
900
607
799
572
729
604
659
615
668
568
626
544
650
506
702
523
658
538
700
562
699
583
769
567
734
520
824
474
870
534
920
528
895
570
925
580
961
567
959
504
887
492
925
430
951
409
946
351
889
350
901
282
945
256
925
189
858
204
855
138
927
137
941
87
908
66
812
65
791
154
837
244
821
320
833
378
784
452
690
451
729
408
761
427
793
385
725
326
670
348
672
303
742
253
787
281
790
242
728
189
744
131
773
85
690
104
691
164
681
108
625
140
639
211
693
211
675
274
600
292
587
378
688
383
650
436
660
475
575
486
540
576
586
594
484
600
463
564
505
538
543
482
442
445
478
361
533
397
479
422
536
448
584
411
548
370
493
320
537
282
538
329
573
323
579
224
601
248
610
175
554
130
507
115
470
194
531
212
501
268
440
300
398
364
428
428
388
482
455
495
472
524
400
558
402
600
344
614
341
569
370
561
409
513
327
511
312
438
353
394
342
464
388
440
367
372
332
354
373
249
420
251
369
323
408
322
452
249
435
199
352
185
389
118
427
146
465
119
504
75
597
99
598
77
533
72
502
56
438
71
387
51
335
90
306
185
345
220
282
305
294
350
296
413
260
460
287
490
301
563
280
607
216
612
254
565
223
520
243
479
200
414
203
348
211
261
248
240
214
336
259
347
239
405
271
403
270
219
295
217
270
163
307
92
287
64
232
88
216
151
252
182
238
223
198
238
161
308
167
389
203
470
184
512
195
555
224
560
214
595
168
602
137
503
163
478
102
393
132
305
169
228
157
193
213
182
178
141
187
82
131
60
101
89
149
110
145
167
111
113
67
136
121
166
124
233
78
190
65
262
113
271
106
312
65
301
62
370
90
373
70
419
130
464
74
456
71
489
112
506
127
554
78
519
97
566
137
585
140
608
96
608
