96
101
381
45
343
33
274
36
121
43
79
68
49
89
31
170
26
217
19
302
19
341
25
366
63
385
119
392
186
369
248
379
293
391
333
384
371
365
387
304
393
256
380
195
377
176
392
134
380
95
326
105
270
92
206
106
156
125
98
133
68
188
44
231
70
248
47
294
45
343
54
357
105
339
110
356
110
347
144
323
164
339
184
358
189
352
217
327
236
353
287
365
345
333
352
284
338
261
350
244
340
241
311
239
361
235
339
211
341
195
359
159
319
197
258
169
218
198
140
200
103
247
83
297
69
320
104
326
138
305
154
313
207
296
288
290
191
281
239
280
154
291
138
290
117
251
146
237
220
271
312
315
295
323
205
315
162
338
136
321
66
293
55
185
96
139
199
149
366
298
369
374
354
360
264
368
156
362
83
342
41
264
27
126
42
63
121
72
328
127
391
29
384
